# 한국 종목 시가총액/유동성 상위 500 (한 줄에 6자리 종목코드)
# 배치: stock.gemini.data-dir 아래 이 파일 사용. 서버 배포 시 해당 data 디렉터리에 복사 필요.
005930
000660
035420
051910
006400
005380
035720
000270
068270
207940
005490
012330
066570
003550
017670
051900
000810
009150
032830
033780
247540
034730
009540
034020
000720
028260
161390
018880
086520
011200
096770
003670
009830
251270
011070
066970
000100
024110
316140
009420
034220
008930
004020
003490
017800
011170
009410
004170
000850
009290
009200
011780
008350
001800
004990
003540
001450
008260
001040
001230
008730
001460
007310
002790
001380
001120
001740
002380
004840
005250
005680
005720
005740
005830
005940
006050
006120
006260
006360
006650
006800
006840
007070
007210
007460
007540
007810
008060
105560
373220
000120
000150
000210
000490
000670
000990
001520
001680
002270
002350
003230
003240
003300
003410
003920
004000
004370
004490
004800
005180
005300
005440
005610
005690
006040
006280
008560
009580
010060
010120
010130
010620
010780
010950
011210
011790
012450
012510
014830
015760
016360
018250
018260
020000
020150
023530
025540
025860
028670
029780
030200
032640
033920
035000
035250
036460
036530
036570
042670
047040
047400
047810
049770
051600
052690
055550
057050
060980
064350
064960
069260
069960
071050
071840
073240
078930
079550
086280
086790
088350
090430
093050
103140
105630
108670
111770
128940
138930
139480
145720
145990
180640
192400
204320
267250
267270
271560
285130
294870
298040
353200
001045
001060
001070
001080
001130
001250
001260
001270
001340
001360
001390
001420
001430
001440
001470
001500
001510
001530
001540
001550
001560
001570
001620
001630
001640
001690
001720
001750
001770
001780
001790
001820
001840
001880
001940
002020
002030
002070
002100
002140
002170
002200
002210
002220
002230
002240
002310
002320
002355
002360
002390
002410
002420
002450
002460
002600
002620
002630
002690
002700
002710
002720
002760
002780
002795
002800
002810
002820
002840
002870
002880
002900
002920
002990
003000
003010
003030
003060
003070
003080
003090
003120
003160
003200
003220
003280
003350
003380
003415
003450
003460
003470
003475
003495
003520
003530
003545
003555
003560
003570
003580
003600
003610
003620
003630
003680
003690
003720
003730
003740
003780
003800
003810
003840
003850
003960
004010
004060
004080
004090
004100
004140
004150
004255
004270
004310
004360
004370
004380
004410
004430
004440
004450
004540
004560
004565
004590
004600
004650
004690
004700
004710
004720
004730
004740
004750
004770
004780
004800
004850
004870
004890
004910
004920
004960
004970
004980
005010
005030
005070
005080
005090
005100
005110
005300
005305
005320
005360
005387
005389
005390
005420
005430
005450
005500
005620
005630
005690
005710
005725
005730
005750
005760
005800
005810
005820
005850
005860
005870
005880
005950
005960
005965
006060
006080
006090
006110
006125
006200
006220
006340
006370
006380
006390
006405
006490
006660
006730
006740
006805
006810
006880
006890
006900
006920
006980
007075
007110
007120
007160
007280
007330
007340
007570
007575
007590
007610
007660
007690
007700
007720
007815
007860
007980
008250
008420
008490
008500
008600
008700
008770
008830
008870
008970
009070
009090
009140
009160
009180
009190
009240
009270
009275
009300
009310
009320
009415
009440
009450
009460
009470
009580
009620
009630
009680
009770
009810
009835
009900
009970
010040
010050
010100
010400
010420
010580
010600
010640
010660
010690
010770
011000
011090
011230
011280
011300
011330
011390
011420
011500
011690
011700
011790
011810
011930
012030
012170
012200
012280
012320
012600
012610
012630
012690
012750
012800
013000
013360
013520
013570
013580
013700
013870
013890
014130
014160
014280
014440
014530
014580
014680
014710
014790
014820
014910
014990
015230
015260
015350
015360
015590
015860
015890
016090
016100
016250
016380
016450
016580
016610
016710
016740
016800
016880
017040
017180
017370
017390
017900
017940
017960
019010
019170
019180
019440
019490
019660
019680
020120
020760
021040
021050
022100
023000
023150
023350
023450
023590
023810
023960
024060
024070
024090
024100
024720
024800
024810
024830
024840
024880
024900
024910
024940
025000
025320
025530
025560
025620
025750
025820
025870
025880
026040
026890
026910
026960
027410
027740
027970
028050
028300
029460
029530
030210
030350
030520
030530
030720
031430
031440
031820
032350
032500
032560
032620
032860
032940
033100
033160
033170
033180
033250
033270
033530
033660
034120
034230
034300
034590
034810
034830
034940
034950
035080
035200
035510
035600
035620
035760
035810
035890
036490
036540
036560
036580
036620
036630
036710
036930
037270
037370
037560
037710
038010
038290
038340
038500
038530
038540
038680
039030
039130
039490
039570
039830
039860
040350
040420
040610
041020
041510
041520
041590
041650
042660
042700
043150
043710
044340
044380
044450
044490
044820
045100
045300
045340
045390
045520
045660
046070
046120
046310
046390
046440
046890
046940
047050
047080
047310
047560
047820
048410
048430
048470
048530
048550
048770
049470
049480
049630
049800
050090
050120
050320
050540
050860
050890
051360
051370
051380
051390
051490
051500
051630
052260
052330
052400
052460
052710
052860
053030
053050
053060
053080
053110
053160
053210
053280
053290
053450
053490
053580
053610
053660
053690
053700
053800
053950
054040
054090
054210
054220
054300
054410
054450
054540
054620
054630
054670
054780
054800
054920
054930
054940
056080
056190
057500
058430
058610
058650
058730
058820
058850
059090
060230
060250
060260
060300
060370
060480
060560
060570
060720
061040
061970
062860
063160
064090
064260
064520
064550
064760
064800
065060
065130
065150
065370
065420
065440
065500
065510
065560
065570
065650
065660
065680
065690
065710
065770
066310
066360
066410
066430
066575
066590
066620
066670
066700
066790
066980
067000
067010
067080
067160
067280
067290
067310
067390
067630
067730
067770
067830
068290
068400
068760
068790
068940
069410
069460
069500
069620
069640
069730
069920
070960
071090
071280
071320
071850
072130
072470
072710
073010
073190
073490
074610
075180
075580
076340
077360
077500
077960
078000
078020
078130
078140
078150
078160
078340
078350
078520
078590
078600
078860
079160
079170
079190
079430
079650
079810
079940
079950
079960
080000
080010
080220
080420
080470
080520
080530
081000
081150
081660
082640
082660
082740
082800
082920
083310
083420
083450
083470
083500
083640
083660
083790
083930
084010
084110
084180
084370
084650
084670
084690
084730
084870
084990
085310
085370
085620
085660
085670
085810
086040
086060
086070
086220
086250
086390
086450
086460
086670
086710
086810
086820
086890
086900
086960
087010
087260
087600
088260
088390
088790
088800
088910
088980
089010
089030
089140
089150
089230
089470
089530
089590
089790
089850
089860
089970
089980
090080
090150
090350
090370
090460
090470
090710
090730
091090
091120
091160
091170
091340
091440
091580
091700
091990
092070
092130
092200
092220
092230
092300
092440
092460
092590
092600
092670
092730
092780
092870
092880
093190
093230
093240
093320
093370
093380
093520
093640
094170
094280
094360
094480
094800
094820
094840
094860
095190
095270
095340
095500
095570
095660
095700
095720
096300
096530
096610
096630
096640
096690
096760
096775
096810
097230
097520
097780
097800
097950
098120
098460
099320
099340
099350
099390
099410
099440
099750
100090
100120
100220
100250
100660
100840
101060
101140
101160
101170
101180
101330
101390
101400
101490
101530
101670
101680
101730
102110
102120
102260
102280
102460
102940
103140
103230
103590
104700
105740
105840
106080
109070
109820
112610
114090
115390
117580
118000
119650
119830
120030
120110
121060
122630
122640
122690
123330
123410
123420
123690
123700
123750
123840
124560
126560
126600
126640
126700
126880
126960
127120
127710
128660
128820
130660
130960
131100
131180
131220
131290
131370
131390
131400
131760
131970
133820
134380
134790
136480
136490
137310
138040
138490
139130
139480
140410
140660
140860
141000
141070
142280
143210
144620
145210
145270
147830
148140
149010
150900
151860
152330
153360
155660
161000
163560
170920
175330
181710
194370
195870
196170
200470
207760
210540
214320
214330
214390
214420
226320
227840
229640
241560
248070
263750
272210
272450
277410
282330
293490
298020
298050
299660
299670
299900
300720
302430
304840
306200
307870
308170
308700
311690
317330
319660
322000
326030
328130
329180
330590
334890
336260
336370
336570
339770
348150
352820
357120
357250
363260
365000
365340
365550
377300
383220
383800
389140
389260
389470
393890
396690
403870
404990
405640
408920
413630
417840
418210
420770
424960
425420
432430
439250
442320
443250
444440
445980
447690
448710
450140
452260
456040
457190
459340
460850
464430
465770
466540
468510
469880
470400
471050
472210
475760
477150
478340
479120
480720
483410
484260
486660
488490
490020
490120
491400
492670
494660
495070
496090
497720
498680
499810
500730
501300
502920
504540
505620
506260
507320
508130
509960
510900
511690
512750
513720
514270
515100
515310
516900
517070
518140
519100
519150
519170
519180
519190
519200
519210
519220
519230
519240
519250
519260
519270
519280
519290
519300
519310
519320
519330
519340
519350
519360
519370
519380
519390
519400
519410
519420
519430
519440
519450
519460
519470
519480
519490
519500
